T	F0	E
0.01	0	0
0.02	0	0
0.03	0	0
0.04	0	-22.99
0.05	0	-16.49
0.06	0	-5.18
0.07	0	0.45
0.08	0	2.97
0.09	0	4.46
0.1	0	8.72
0.11	0	18.1
0.12	0	27.1
0.13	0	33.34
0.14	0	38.77
0.15	0	44.97
0.16	0	50.07
0.17	0	52.97
0.18	0	56.19
0.19	0	60.17
0.2	0	62.26
0.21	0	60.56
0.22	0	54.72
0.23	0	48.17
0.24	0	45.94
0.25	0	46.25
0.26	0	46.61
0.27	0	46.35
0.28	0	45.39
0.29	0	44.36
0.3	0	43.8
0.31	0	44.09
0.32	0	45.25
0.33	0	46.2
0.34	0	45.95
0.35	0	45.27
0.36	0	46.13
0.37	0	48.05
0.38	0	48.95
0.39	0	48.58
0.4	0	47.99
0.41	0	47.36
0.42	0	46.75
0.43	0	47.39
0.44	0	49
0.45	0	50.12
0.46	0	50.11
0.47	0	49.21
0.48	0	48.25
0.49	0	48.62
0.5	0	50.63
0.51	0	53.02
0.52	0	54.2
0.53	0	53.93
0.54	0	53.21
0.55	0	53.06
0.56	0	53.8
0.57	0	54.93
0.58	0	55.71
0.59	0	55.51
0.6	0	53.96
0.61	0	51.77
0.62	0	50.32
0.63	0	49.99
0.64	0	50.32
0.65	0	50.32
0.66	0	49.24
0.67	0	47.31
0.68	0	46.22
0.69	0	46.63
0.7	0	47.1
0.71	0	46.71
0.72	0	46.53
0.73	0	47.53
0.74	0	49
0.75	0	48.52
0.76	0	46.12
0.77	0	45.15
0.78	0	44.33
0.79	0	41.91
0.8	0	41.24
0.81	0	42.37
0.82	0	43.5
0.83	0	43.81
0.84	0	42.79
0.85	0	40.06
0.86	0	36.91
0.87	0	36.29
0.88	0	38.85
0.89	0	42.79
0.9	0	51.67
0.91	0	62.22
0.92	136.2	68.4
0.93	136.03	71.55
0.94	120.92	72.95
0.95	115.41	73.39
0.96	114.24	72.84
0.97	112.22	71.16
0.98	109.77	68.96
0.99	0	68.13
1	0	69.39
1.01	0	71.18
1.02	0	72.11
1.03	0	72.37
1.04	0	72.17
1.05	0	71.35
1.06	0	70.66
1.07	0	70.77
1.08	0	71.02
1.09	0	70.59
1.1	0	70.51
1.11	0	70.92
1.12	0	70.9
1.13	0	73.14
1.14	0	77.02
1.15	143.23	79.62
1.16	138.76	80.21
1.17	133.9	79.73
1.18	132.8	79.03
1.19	130.64	78.56
1.2	129.66	78.3
1.21	129.28	77.95
1.22	127.45	77.41
1.23	126.6	76.7
1.24	123.1	75.71
1.25	121.76	74.45
1.26	118.03	73.41
1.27	116.6	72.91
1.28	113.77	72.23
1.29	112.35	70.59
1.3	110.89	67.55
1.31	111.83	62.77
1.32	0	55.82
1.33	0	48.68
1.34	0	46.42
1.35	0	51.1
1.36	0	58.49
1.37	0	64.51
1.38	0	68.5
1.39	0	71.31
1.4	0	72.88
1.41	0	73.39
1.42	0	73.33
1.43	0	73.32
1.44	0	73.7
1.45	0	74.13
1.46	0	74.38
1.47	0	74.48
1.48	0	74.51
1.49	0	74.28
1.5	0	73.54
1.51	0	72.2
1.52	0	70.46
1.53	0	68.94
1.54	0	68.02
1.55	0	66.58
1.56	0	63.86
1.57	0	60.3
1.58	0	56.86
1.59	0	53.55
1.6	0	50.74
1.61	0	48.95
1.62	0	47.9
1.63	0	47.26
1.64	0	46.77
1.65	0	46.16
1.66	0	45.25
1.67	0	44.19
1.68	0	43.62
1.69	0	44.11
1.7	0	44.66
1.71	0	44.4
1.72	0	44.36
1.73	0	43.54
1.74	0	42.02
1.75	0	43.51
1.76	0	45.44
1.77	0	46.98
1.78	0	47.72
1.79	0	47.14
1.8	0	45.57
1.81	0	43.61
1.82	0	42.16
1.83	0	42.34
1.84	0	44.11
1.85	0	46.03
1.86	0	47.31
1.87	0	48.79
1.88	0	51.09
1.89	0	55.38
1.9	0	60.78
1.91	0	65
1.92	0	67.63
1.93	0	69.45
1.94	0	70.95
1.95	0	73.22
1.96	0	75.67
1.97	0	76.22
1.98	0	73.58
1.99	0	67.72
2	0	58.32
2.01	0	47.77
2.02	0	44.32
2.03	0	46.22
2.04	0	53.52
2.05	0	60.45
2.06	0	66.77
2.07	0	72.76
2.08	0	76.59
2.09	125.92	78.29
2.1	124.12	78.58
2.11	121.19	78.3
2.12	119.5	78.03
2.13	116.91	77.85
2.14	115.66	77.63
2.15	114.33	77.24
2.16	112.85	76.76
2.17	111.17	76.34
2.18	109.52	76.03
2.19	109.01	75.84
2.2	108.18	75.62
2.21	108.33	75.24
2.22	108.09	74.85
2.23	107.64	74.52
2.24	107.42	74.12
2.25	105.01	73.6
2.26	105.45	73.03
2.27	104.41	72.35
2.28	104.25	71.57
2.29	103.22	70.65
2.3	100.52	69.58
2.31	97.86	68.5
2.32	96.76	67.59
2.33	97.05	66.88
2.34	103.67	66.36
2.35	110.12	65.84
2.36	110.18	64.61
2.37	112.22	62.21
2.38	0	60.77
2.39	0	63.11
2.4	0	65.97
2.41	0	68.33
2.42	0	70.07
2.43	0	71
2.44	0	70.82
2.45	0	69.91
2.46	0	68.35
2.47	0	65.25
2.48	0	60.92
2.49	0	59.71
2.5	0	65.1
2.51	0	68.17
2.52	0	69.09
2.53	0	69.24
2.54	104.76	69.27
2.55	110.75	69.18
2.56	104.83	68.87
2.57	111.76	68.91
2.58	113.34	69.99
2.59	116.93	71.79
2.6	114.59	73.32
2.61	112.41	74.48
2.62	117.27	75.79
2.63	123.97	77.22
2.64	129.82	78.11
2.65	134.73	77.84
2.66	146.77	76.44
2.67	155.64	75.28
2.68	160.91	75.69
2.69	164.19	76.48
2.7	166.44	76.82
2.71	165.53	76.62
2.72	167.91	75.62
2.73	167.56	73.81
2.74	168.63	71.52
2.75	166.87	69.46
2.76	165.8	68.21
2.77	0	67.89
2.78	0	68.29
2.79	0	69.22
2.8	0	70.3
2.81	0	70.77
2.82	0	70.45
2.83	0	70.65
2.84	0	70.95
2.85	0	70.26
2.86	0	69.35
2.87	0	69.06
2.88	0	69.5
2.89	0	69.24
2.9	0	68.32
2.91	0	67.66
2.92	0	66.91
2.93	0	65.67
2.94	0	63.97
2.95	0	61.76
2.96	0	59.33
2.97	0	56.82
2.98	0	53.1
2.99	0	47.81
3	0	42.56
3.01	0	38.66
3.02	0	38.03
3.03	0	40.04
3.04	0	41.51
3.05	0	41.73
3.06	0	41.1
3.07	0	39.97
3.08	0	38.99
3.09	0	38.66
3.1	0	39.48
3.11	0	41.21
3.12	0	42.5
3.13	0	42.57
3.14	0	41.61
3.15	0	39.7
3.16	0	39.13
3.17	0	39.76
3.18	0	39.51
3.19	0	39.05
3.2	0	39.23
3.21	0	39.82
3.22	0	40.8
3.23	0	42.47
3.24	0	44.25
3.25	0	45.13
3.26	0	44.76
3.27	0	43.92
3.28	0	43.96
3.29	0	45.05
3.3	0	45.98
3.31	0	46.28
3.32	0	46.76
3.33	0	47.78
3.34	0	48.16
3.35	0	47.76
3.36	0	47.1
3.37	0	46.61
3.38	0	46.7
3.39	0	46.8
3.4	0	46.29
3.41	0	45.01
3.42	0	43.84
3.43	0	43.81
3.44	0	44.3
3.45	0	44.08
3.46	0	43.59
3.47	0	43.56
3.48	0	43.78
3.49	0	44.53
3.5	0	44.34
3.51	0	43.22
3.52	0	43.1
3.53	0	42.91
3.54	0	42.1
3.55	0	41.23
3.56	0	40.11
3.57	0	38.65
3.58	0	37.07
3.59	0	35.38
3.6	0	33.49
3.61	0	31.42
3.62	0	30.24
3.63	0	30.83
3.64	0	31.29
3.65	0	30.89
3.66	0	29.83
3.67	0	28.27
3.68	0	28.36
3.69	0	29.13
3.7	0	28.78
3.71	0	27.46
3.72	0	26.32
3.73	0	27.06
3.74	0	29.92
3.75	0	32.63
3.76	0	32.92
3.77	0	31.01
3.78	0	29.7
3.79	0	31.38
3.8	0	31.85
3.81	0	31.41
3.82	0	30.6
3.83	0	33.22
3.84	0	40.29
3.85	0	46.27
3.86	0	49.63
3.87	0	52.03
3.88	0	55
3.89	0	58.34
3.9	0	61.26
3.91	0	63.44
3.92	0	64.57
3.93	0	64.43
3.94	0	63.72
3.95	0	63.61
3.96	0	63.75
3.97	0	63.1
3.98	0	61.41
3.99	0	60.88
4	0	66.75
4.01	0	72.1
4.02	118.67	74.92
4.03	120.69	76.07
4.04	118.15	76.43
4.05	118.11	76.44
4.06	118.2	76.27
4.07	117.73	76.01
4.08	117.57	75.81
4.09	117.13	75.79
4.1	115.25	75.82
4.11	114.86	75.68
4.12	114.31	75.21
4.13	113.37	74.17
4.14	110.95	71.98
4.15	110.29	67.93
4.16	0	61.67
4.17	0	53.42
4.18	0	44.02
4.19	0	36.83
4.2	0	40.31
4.21	0	51.2
4.22	0	60.91
4.23	0	68.12
4.24	0	73.36
4.25	0	76.23
4.26	0	77.3
4.27	0	77.2
4.28	0	76.54
4.29	0	75.68
4.3	0	74.98
4.31	0	74.24
4.32	0	74.46
4.33	0	75.41
4.34	0	76.43
4.35	0	76.95
4.36	0	76.64
4.37	0	76.19
4.38	0	75.98
4.39	0	75.41
4.4	0	73.79
4.41	0	70.24
4.42	0	63.81
4.43	0	54.14
4.44	0	41.13
4.45	0	30.88
4.46	0	32.3
4.47	0	44.87
4.48	0	54.2
4.49	0	58.7
4.5	0	61.18
4.51	0	65.5
4.52	0	70.08
4.53	110.06	72.61
4.54	109.68	73.38
4.55	108.93	73.39
4.56	108.25	73.23
4.57	106.91	73.05
4.58	107.13	72.93
4.59	106.72	72.75
4.6	105.39	72.42
4.61	106.22	72.3
4.62	105.81	72.27
4.63	106.23	72.2
4.64	106.94	72.31
4.65	108.49	72.59
4.66	109.01	72.78
4.67	108.66	72.8
4.68	111.17	72.87
4.69	111.05	72.95
4.7	111.08	72.89
4.71	111.12	72.78
4.72	110.61	72.66
4.73	111.6	72.5
4.74	112.1	72.4
4.75	112.62	72.37
4.76	113.86	72.32
4.77	114.35	72.2
4.78	114.42	72.04
4.79	116.41	71.91
4.8	119.99	71.88
4.81	126.88	72.04
4.82	130.28	72.21
4.83	131.74	72.15
4.84	131.14	71.72
4.85	129.28	70.85
4.86	127.43	69.28
4.87	125.17	66.54
4.88	125.17	63.15
4.89	0	61.93
4.9	0	64.95
4.91	0	67.8
4.92	0	69.73
4.93	0	70.59
4.94	0	70.3
4.95	0	69.5
4.96	0	67.79
4.97	0	64.25
4.98	0	61.15
4.99	0	64.21
5	0	69.37
5.01	102.46	72.07
5.02	100.48	72.78
5.03	98.18	72.46
5.04	94.25	71.54
5.05	0	70
5.06	0	68.16
5.07	0	66.55
5.08	0	65.7
5.09	0	65.41
5.1	0	64.66
5.11	0	65.22
5.12	0	65.67
5.13	0	64.8
5.14	0	63.86
5.15	0	62.59
5.16	0	61.54
5.17	0	61.69
5.18	0	61.2
5.19	0	58.35
5.2	0	56.14
5.21	0	57.68
5.22	0	59.83
5.23	0	61.27
5.24	0	62.38
5.25	0	63.46
5.26	0	64.45
5.27	0	64.75
5.28	0	64.98
5.29	0	65.5
5.3	0	66.25
5.31	0	66.95
5.32	0	66.96
5.33	0	65.93
5.34	0	64.66
5.35	0	63.62
5.36	0	62.21
5.37	0	60.87
5.38	0	60.94
5.39	0	61.51
5.4	0	61.57
5.41	0	60.62
5.42	0	58.09
5.43	0	53.68
5.44	0	48.2
5.45	0	43.45
5.46	0	39.94
5.47	0	36.86
5.48	0	33.9
5.49	0	31.66
5.5	0	30.82
5.51	0	30.52
5.52	0	29.69
5.53	0	29.38
5.54	0	29.54
5.55	0	29.17
5.56	0	28.22
5.57	0	28.77
5.58	0	31.01
5.59	0	32.94
5.6	0	33.48
5.61	0	32.46
5.62	0	30.92
5.63	0	29.41
5.64	0	28.48
5.65	0	28.2
5.66	0	27.47
5.67	0	26.73
5.68	0	27.77
5.69	0	28.87
5.7	0	28.49
5.71	0	29.68
5.72	0	32.3
5.73	0	33.94
5.74	0	34.11
5.75	0	32.89
5.76	0	29.99
5.77	0	26.6
5.78	0	25.8
5.79	0	26.51
5.8	0	27.94
5.81	0	29.9
5.82	0	31.72
5.83	0	32.57
5.84	0	31.7
5.85	0	30.14
5.86	0	30.95
5.87	0	32.86
5.88	0	32.01
5.89	0	30.61
5.9	0	30.99
5.91	0	30.65
5.92	0	29.64
5.93	0	30.61
5.94	0	31.92
5.95	0	32.02
5.96	0	31.27
5.97	0	30.62
5.98	0	30.48
5.99	0	30.23
6	0	29.64
6.01	0	29.8
6.02	0	30.05
6.03	0	30.23
6.04	0	30.26
6.05	0	31
6.06	0	32.29
6.07	0	32.59
6.08	0	32.21
6.09	0	31.74
6.1	0	30.45
6.11	0	29.23
6.12	0	29.86
6.13	0	32.04
6.14	0	33.85
6.15	0	33.98
6.16	0	32.51
6.17	0	30.95
6.18	0	31.52
6.19	0	31.94
6.2	0	30.5
6.21	0	30.17
6.22	0	31.98
6.23	0	31.86
6.24	0	29.93
6.25	0	28.44
6.26	0	27.95
6.27	0	28.9
6.28	0	30.54
6.29	0	32.58
6.3	0	34.44
6.31	0	34.45
6.32	0	32.34
6.33	0	30.52
6.34	0	30.7
6.35	0	29.76
6.36	0	28.25
6.37	0	28.15
6.38	0	28.73
6.39	0	29.16
6.4	0	29.77
6.41	0	31.9
6.42	0	33.32
6.43	0	32.77
6.44	0	32.46
6.45	0	33.35
6.46	0	34.1
6.47	0	33.9
6.48	0	32.89
6.49	0	31.71
6.5	0	31.5
6.51	0	30.81
6.52	0	29.92
6.53	0	31.02
6.54	0	32.19
6.55	0	33.26
6.56	0	33.74
6.57	0	33.59
6.58	0	33.19
6.59	0	32.39
6.6	0	31.05
6.61	0	30.95
6.62	0	32.37
6.63	0	33.01
6.64	0	31.72
6.65	0	29.28
6.66	0	27.98
6.67	0	27.85
6.68	0	27.64
6.69	0	28.37
6.7	0	29.95
6.71	0	32.26
6.72	0	33
6.73	0	31.59
6.74	0	30.28
6.75	0	30.09
6.76	0	29.54
6.77	0	28.77
6.78	0	29.69
6.79	0	31.41
6.8	0	31.11
6.81	0	29.97
6.82	0	30.21
6.83	0	29.96
6.84	0	27.66
6.85	0	27.13
6.86	0	29.69
6.87	0	30.6
6.88	0	29.51
6.89	0	27.75
6.9	0	25.91
6.91	0	24.77
6.92	0	26.5
6.93	0	29.75
6.94	0	31.98
6.95	0	33.09
6.96	0	33
6.97	0	31.41
6.98	0	29.5
6.99	0	27.99
7	0	27.46
7.01	0	30.47
7.02	0	32.52
7.03	0	32.58
7.04	0	31.21
7.05	0	29.24
7.06	0	29.48
7.07	0	31.11
7.08	0	32.27
7.09	0	32.2
7.1	0	30.76
7.11	0	29.46
7.12	0	30.35
7.13	0	31.92
7.14	0	31.59
7.15	0	31
7.16	0	32.29
7.17	0	46.59
7.18	0	60.16
7.19	0	68.33
7.2	0	72.67
7.21	112.42	74.55
7.22	112.29	74.72
7.23	113.06	74.01
7.24	112.71	73.07
7.25	112.19	71.72
7.26	112.08	69.7
7.27	0	68.35
7.28	0	68.99
7.29	0	70.15
7.3	0	70.41
7.31	0	70.69
7.32	0	71.31
7.33	0	71.65
7.34	0	70.99
7.35	0	70.77
7.36	0	72.4
7.37	0	75.89
7.38	147.46	78.48
7.39	146.6	79.35
7.4	145.61	79.21
7.41	143.28	78.67
7.42	140.67	78.08
7.43	138.55	77.68
7.44	135.02	77.47
7.45	131.22	77.2
7.46	129.16	76.59
7.47	126.16	75.61
7.48	122.6	74.38
7.49	119.71	72.79
7.5	115.34	70.45
7.51	113.59	66.96
7.52	0	61.65
7.53	0	55.56
7.54	0	61.53
7.55	0	70.67
7.56	0	76.05
7.57	0	78.31
7.58	0	78.88
7.59	0	78.89
7.6	0	78.45
7.61	0	77.21
7.62	0	75.81
7.63	0	75.75
7.64	0	76.03
7.65	0	75.69
7.66	0	75.61
7.67	0	76.45
7.68	0	77.89
7.69	0	78.48
7.7	0	77.31
7.71	0	74.54
7.72	0	71.19
7.73	0	67.11
7.74	0	60.27
7.75	0	50.42
7.76	0	46.09
7.77	0	55.03
7.78	0	60.78
7.79	0	64.53
7.8	0	70.45
7.81	0	76.13
7.82	0	79.22
7.83	133.43	80.24
7.84	130.79	79.82
7.85	127.06	78.6
7.86	125.51	77.49
7.87	124.22	77.03
7.88	123.12	76.91
7.89	122.38	76.75
7.9	121.28	76.5
7.91	119.9	76.31
7.92	119.19	76.15
7.93	118.95	75.81
7.94	117.86	75.28
7.95	116.51	74.92
7.96	115.31	74.68
7.97	114.46	74.31
7.98	113.54	73.77
7.99	113.06	73.19
8	112.66	72.65
8.01	112.18	71.97
8.02	111.3	70.73
8.03	109.83	68.73
8.04	109.96	67.23
8.05	0	67.61
8.06	0	69.25
8.07	0	70.82
8.08	0	72.19
8.09	0	73.23
8.1	0	73.68
8.11	0	73.12
8.12	0	71.66
8.13	0	69.73
8.14	0	67.13
8.15	0	66.44
8.16	0	70.68
8.17	118.17	74.54
8.18	117.77	76.44
8.19	114.84	77.08
8.2	113.12	77.39
8.21	112.23	77.57
8.22	110.26	77.27
8.23	109.07	76.22
8.24	109.38	75.01
8.25	111.02	74.72
8.26	110.89	75.31
8.27	110.46	75.98
8.28	111.97	76.83
8.29	113.34	77.77
8.3	116.03	78.61
8.31	118.88	79.21
8.32	121.2	79.48
8.33	125.72	79.71
8.34	129.73	79.95
8.35	134.42	80.02
8.36	142.11	79.84
8.37	154.69	79.65
8.38	163.45	79.61
8.39	173.27	79.49
8.4	184.5	79.03
8.41	193.4	78.12
8.42	205.11	76.67
8.43	209.81	75.15
8.44	216.88	73.84
8.45	222.52	72.18
8.46	230.7	69.92
8.47	237.76	67.39
8.48	0	66.42
8.49	0	67.93
8.5	0	70.19
8.51	0	72.13
8.52	0	73.39
8.53	0	73.95
8.54	0	74.07
8.55	0	74.23
8.56	0	74.51
8.57	0	74.57
8.58	0	74.85
8.59	0	74.83
8.6	0	74.53
8.61	0	73.97
8.62	0	73.04
8.63	0	73.02
8.64	0	73.41
8.65	0	73.41
8.66	0	72.53
8.67	0	71.41
8.68	0	70.64
8.69	0	69.75
8.7	0	68.05
8.71	0	64.94
8.72	0	59.74
8.73	0	53.54
8.74	0	49.64
8.75	0	47.1
8.76	0	44.78
8.77	0	43.4
8.78	0	43.07
8.79	0	41.97
8.8	0	39.37
8.81	0	36.14
8.82	0	32.92
8.83	0	30.28
8.84	0	29.47
8.85	0	30.29
8.86	0	31.04
8.87	0	31.11
8.88	0	31.87
8.89	0	33.71
8.9	0	34.11
8.91	0	32.39
8.92	0	29.27
8.93	0	26.91
8.94	0	27.5
8.95	0	28.78
8.96	0	28.89
8.97	0	29.73
8.98	0	31.13
8.99	0	31.48
9	0	30.26
9.01	0	29.56
9.02	0	30.48
9.03	0	31.99
9.04	0	33.68
9.05	0	34.75
9.06	0	33.77
9.07	0	32.42
9.08	0	34.11
9.09	0	35.2
9.1	0	34.37
9.11	0	32.87
9.12	0	32.1
9.13	0	32.84
9.14	0	33.71
9.15	0	33.74
9.16	0	33.94
9.17	0	34.72
9.18	0	34.77
9.19	0	33.58
9.2	0	32.12
9.21	0	30.81
9.22	0	29.97
9.23	0	29.73
9.24	0	29.57
9.25	0	30.35
9.26	0	30.55
9.27	0	30.89
9.28	0	32.69
9.29	0	34.41
9.3	0	34.97
9.31	0	33.97
9.32	0	31.71
9.33	0	29.72
9.34	0	29.94
9.35	0	32.03
9.36	0	33.84
9.37	0	35.17
9.38	0	36.48
9.39	0	36.53
9.4	0	35.22
9.41	0	34.47
9.42	0	36.09
9.43	0	38.57
9.44	0	39.17
9.45	0	36.47
9.46	0	38.44
9.47	0	46.59
9.48	0	53.51
9.49	0	55.23
9.5	0	54.36
9.51	0	56.37
9.52	139.03	62.46
9.53	138.86	65.75
9.54	127	67.27
9.55	126.06	68.13
9.56	119.05	67.76
9.57	118.15	65.8
9.58	0	63.18
9.59	0	63.35
9.6	0	65.8
9.61	0	68.03
9.62	0	69.57
9.63	0	70.16
9.64	0	70.63
9.65	0	71.32
9.66	0	71.4
9.67	0	70.83
9.68	0	70.7
9.69	0	71.6
9.7	0	74.11
9.71	0	77.86
9.72	134.43	80.18
9.73	135.67	80.77
9.74	137.48	80.25
9.75	140.48	79.01
9.76	146.58	77.35
9.77	158.65	76.21
9.78	162.55	75.71
9.79	170.76	75.21
9.8	174.65	74.33
9.81	180.25	73.12
9.82	181.92	71.39
9.83	179.86	68.29
9.84	179.08	62.87
9.85	0	55.37
9.86	0	48.75
9.87	0	49.07
9.88	0	60.55
9.89	0	69.64
9.9	0	75.09
9.91	0	77.48
9.92	0	77.88
9.93	0	78.04
9.94	0	78.64
9.95	0	79.23
9.96	0	78.9
9.97	0	77.54
9.98	0	76.17
9.99	0	75.81
10	0	76.53
10.01	0	77.48
10.02	0	77.3
10.03	0	75.26
10.04	0	71.79
10.05	0	67.39
10.06	0	61.79
10.07	0	60.99
10.08	0	65.84
10.09	0	72.24
10.1	0	77.16
10.11	0	79.56
10.12	123.42	79.82
10.13	120.92	79.2
10.14	122.75	78.77
10.15	124.81	78.7
10.16	127.16	78.65
10.17	128.35	78.44
10.18	131.24	78.21
10.19	133.04	78.08
10.2	136.24	77.94
10.21	137.88	77.4
10.22	140.15	76.45
10.23	142.45	75.51
10.24	145.09	74.87
10.25	147.46	74.55
10.26	148.79	74.29
10.27	147.44	73.58
10.28	143.33	72.01
10.29	137.92	69.86
10.3	136.98	68.65
10.31	0	69.84
10.32	0	72.51
10.33	0	74.46
10.34	0	75.49
10.35	0	75.75
10.36	0	74.88
10.37	0	73.33
10.38	0	71.38
10.39	0	68.48
10.4	0	70.08
10.41	0	74.21
10.42	116.21	77.04
10.43	111.51	78.23
10.44	109.74	78.86
10.45	107.01	79.11
10.46	104.82	78.38
10.47	102.68	76.51
10.48	102.95	74.71
10.49	104.95	74.56
10.5	106.48	75.69
10.51	108.15	77.29
10.52	109.2	78.58
10.53	108.47	79.13
10.54	107.6	79.34
10.55	105.9	79.36
10.56	105.45	78.89
10.57	104.49	77.76
10.58	102.15	75.74
10.59	101.74	72.7
10.6	103.86	68.99
10.61	105.46	65.68
10.62	0	64.38
10.63	0	65.91
10.64	0	68.78
10.65	0	70.5
10.66	0	71.09
10.67	0	71.92
10.68	0	73.09
10.69	0	73.61
10.7	0	73.71
10.71	0	72.91
10.72	0	70.77
10.73	0	69.99
10.74	0	70.8
10.75	0	71.05
10.76	0	70.23
10.77	0	68.51
10.78	0	65.79
10.79	0	62.71
10.8	0	59.81
10.81	0	56.31
10.82	0	52.67
10.83	0	49.02
10.84	0	44.68
10.85	0	41.09
10.86	0	40.06
10.87	0	40.95
10.88	0	41.72
10.89	0	40.92
10.9	0	41.18
10.91	0	43.48
10.92	0	45.2
10.93	0	44.52
10.94	0	42.64
10.95	0	43.67
10.96	0	49.41
10.97	0	54.45
10.98	0	56.61
10.99	0	55.63
11	0	51.94
11.01	0	48.69
11.02	0	47.78
11.03	0	47.04
11.04	0	45.65
11.05	0	43.97
11.06	0	42.41
11.07	0	40.25
11.08	0	36.86
11.09	0	34.97
11.1	0	35.95
11.11	0	37.02
11.12	0	36.46
11.13	0	35.48
11.14	0	35.26
11.15	0	35.97
11.16	0	35.71
11.17	0	33.98
11.18	0	34.58
11.19	0	36.85
11.2	0	37.54
11.21	0	36.1
11.22	0	34.38
11.23	0	33.97
11.24	0	35.46
11.25	0	37
11.26	0	36.68
11.27	0	34.69
11.28	0	31.99
11.29	0	30.11
11.3	0	31.12
11.31	0	33.66
11.32	0	35.93
11.33	0	37.37
11.34	0	37.13
11.35	0	35.34
11.36	0	34.12
11.37	0	33.5
11.38	0	33.32
11.39	0	33.6
11.4	0	33.94
11.41	0	34.89
11.42	0	36.25
11.43	0	36.58
11.44	0	36.12
11.45	0	36.33
11.46	0	37.02
11.47	0	36.36
11.48	0	34.5
11.49	0	35.31
11.5	0	37.83
11.51	0	37.96
11.52	0	37.65
11.53	0	39.37
11.54	0	40.61
11.55	0	39.98
11.56	0	37.7
11.57	0	35.54
11.58	0	35.67
11.59	0	37.25
11.6	0	37.05
11.61	0	34.48
11.62	0	31.63
11.63	0	31.89
11.64	0	33.96
11.65	0	36.08
11.66	0	36.45
11.67	0	35.35
11.68	0	35.05
11.69	0	34.8
11.7	0	33.33
11.71	0	31.47
11.72	0	30.07
11.73	0	29.95
11.74	0	31.07
11.75	0	32.1
11.76	0	32.49
11.77	0	32.97
11.78	0	33.2
11.79	0	33.16
11.8	0	34.29
11.81	0	35.41
11.82	0	36.37
11.83	0	36.24
11.84	0	35.18
11.85	0	34.48
11.86	0	33.69
11.87	0	33.25
11.88	0	33.08
11.89	0	32.64
11.9	0	32.38
11.91	0	32.87
11.92	0	33.33
11.93	0	33.17
11.94	0	32.58
11.95	0	31.19
11.96	0	29.06
11.97	0	29.55
11.98	0	31.71
11.99	0	33.34
12	0	33.4
12.01	0	30.94
12.02	0	30.52
12.03	0	35.84
12.04	0	41.28
12.05	0	47.17
12.06	0	55.94
12.07	144.98	63.84
12.08	143.61	68.7
12.09	137.05	71.29
12.1	132.56	72.55
12.11	118.55	73.47
12.12	116.99	73.88
12.13	117.02	73.34
12.14	114.74	72.31
12.15	0	72.26
12.16	0	73.13
12.17	0	74.29
12.18	0	74.89
12.19	0	74.69
12.2	0	74.49
12.21	0	74.84
12.22	0	75.4
12.23	0	75.51
12.24	0	75.79
12.25	193.71	77.97
12.26	193.24	80.32
12.27	194.95	80.66
12.28	198.66	79.85
12.29	202.77	79.26
12.3	205.35	78.95
12.31	207.36	78.68
12.32	209.14	78.43
12.33	210.79	78.29
12.34	211.56	78.1
12.35	211.1	77.59
12.36	210.48	76.32
12.37	0	73.38
12.38	0	67.88
12.39	0	60.18
12.4	0	55.7
12.41	0	61.33
12.42	0	70.23
12.43	0	75.92
12.44	0	78.72
12.45	0	79.64
12.46	0	80.1
12.47	0	80.47
12.48	0	80.61
12.49	0	80.02
12.5	0	78.47
12.51	0	77.15
12.52	0	76.38
12.53	0	74.77
12.54	0	70.64
12.55	0	62.43
12.56	0	53.69
12.57	0	54.64
12.58	0	64.04
12.59	0	71.56
12.6	194.8	77.21
12.61	195.16	79.95
12.62	194.05	80.47
12.63	192.29	79.85
12.64	193.05	78.9
12.65	195.35	78.29
12.66	196.47	78.24
12.67	196.74	78.39
12.68	196.98	78.39
12.69	197.42	78.09
12.7	197.98	77.56
12.71	198.48	77.04
12.72	198.88	76.75
12.73	198.94	76.64
12.74	197.74	76.11
12.75	196.37	74.3
12.76	191.12	71.9
12.77	185.07	71.1
12.78	181.15	71.12
12.79	177.03	70.91
12.8	172.35	70.27
12.81	0	70.46
12.82	0	72.46
12.83	0	75.2
12.84	0	77.47
12.85	0	78.67
12.86	0	78.91
12.87	0	78.71
12.88	0	78.46
12.89	0	77.96
12.9	0	76.59
12.91	0	74.6
12.92	0	76.33
12.93	167.77	79.38
12.94	162.83	80.21
12.95	156.55	79.26
12.96	150.69	78.12
12.97	149.5	77.83
12.98	149.15	77.65
12.99	148.86	77.23
13	151.22	77.14
13.01	155.26	77.27
13.02	157.88	77.03
13.03	159.92	76.73
13.04	162.84	77.1
13.05	165.51	78.01
13.06	169.9	79.14
13.07	173.63	80.44
13.08	180.21	81.02
13.09	186.33	80.67
13.1	192.18	79.91
13.11	201.35	78.87
13.12	209.94	78.31
13.13	214.57	78.81
13.14	222.85	79.62
13.15	228.32	80.09
13.16	235.77	80.27
13.17	242.96	80.4
13.18	248.05	80.44
13.19	253.88	80.29
13.2	260.12	80.1
13.21	263.66	79.91
13.22	266.76	79.26
13.23	271.03	77.56
13.24	272.52	74.55
13.25	272.27	72.06
13.26	0	73.44
13.27	0	75.73
13.28	0	77.46
13.29	0	78.06
13.3	0	77.73
13.31	0	77.6
13.32	0	77.89
13.33	0	77.54
13.34	0	76.36
13.35	0	75.37
13.36	0	75.04
13.37	0	75.22
13.38	0	75.37
13.39	0	75.09
13.4	0	74.79
13.41	0	73.8
13.42	0	72.26
13.43	0	70.75
13.44	0	69.73
13.45	0	69.17
13.46	0	68.16
13.47	0	65.57
13.48	0	61.43
13.49	0	57.35
13.5	0	54.2
13.51	0	51.52
13.52	0	49.61
13.53	0	49.16
13.54	0	48.85
13.55	0	47.66
13.56	0	44.83
13.57	0	41.01
13.58	0	38.93
13.59	0	37.7
13.6	0	36.03
13.61	0	33.92
13.62	0	32.15
13.63	0	31.22
13.64	0	31.02
13.65	0	30.92
13.66	0	30.55
13.67	0	30
13.68	0	29.61
13.69	0	30.16
13.7	0	31.77
13.71	0	31.57
13.72	0	29.04
13.73	0	28.94
13.74	0	30.71
13.75	0	30.03
13.76	0	29.18
13.77	0	30.42
13.78	0	31.83
13.79	0	37.91
13.8	0	44.96
13.81	0	50.87
13.82	0	57.8
13.83	0	64.56
13.84	0	69.41
13.85	139.34	73.07
13.86	136.48	75.09
13.87	135.57	75.02
13.88	133.19	73.38
13.89	131.01	71.32
13.9	129.91	69.39
13.91	0	69.24
13.92	0	70.73
13.93	0	72.13
13.94	0	73.12
13.95	0	73.49
13.96	0	73.36
13.97	0	73.12
13.98	0	72.79
13.99	0	72.5
14	0	73.49
14.01	0	76.63
14.02	200.85	79.56
14.03	202.34	80.24
14.04	211.76	79.59
14.05	214.41	78.97
14.06	216.13	78.49
14.07	222.28	78.11
14.08	228.51	77.93
14.09	233.9	77.61
14.1	239.82	77.12
14.11	245.99	76.72
14.12	249.18	76.29
14.13	250.64	75.54
14.14	251.05	74.07
14.15	250.61	71.19
14.16	0	65.84
14.17	0	56.92
14.18	0	46.78
14.19	0	49.22
14.2	0	61.65
14.21	0	70.39
14.22	0	76.11
14.23	0	79.04
14.24	0	79.74
14.25	0	78.69
14.26	0	76.61
14.27	0	75.97
14.28	0	76.47
14.29	0	76.57
14.3	0	76.12
14.31	0	75.26
14.32	0	73.24
14.33	0	69.15
14.34	0	62.15
14.35	0	54.62
14.36	0	59.85
14.37	0	67.43
14.38	0	74.31
14.39	204.3	78.47
14.4	202.71	80.01
14.41	202	79.96
14.42	202.48	79.09
14.43	203.76	78.12
14.44	207.3	77.77
14.45	213.03	77.89
14.46	217.45	77.95
14.47	221.81	77.88
14.48	226.48	77.84
14.49	230.35	77.57
14.5	234.42	76.95
14.51	236.76	76.7
14.52	236.81	76.62
14.53	236.42	75.51
14.54	236.08	73.73
14.55	234.4	72.63
14.56	229.92	72.21
14.57	223.73	71.61
14.58	211.97	70.1
14.59	201.65	67.78
14.6	0	68.31
14.61	0	72.29
14.62	0	76.17
14.63	0	77.92
14.64	0	78.34
14.65	0	78.23
14.66	0	77.28
14.67	0	75.24
14.68	0	73.36
14.69	0	75.13
14.7	181.16	78.51
14.71	172.34	79.99
14.72	170.81	79.86
14.73	163.82	78.99
14.74	160.72	78.19
14.75	159.03	77.34
14.76	156.97	75.72
14.77	156.17	73.6
14.78	156.68	72.49
14.79	157.43	73.14
14.8	159.79	74.61
14.81	162.76	76.31
14.82	168.16	78.43
14.83	171.28	80.46
14.84	173.4	81.45
14.85	174.82	81.51
14.86	175.64	81.3
14.87	175.73	81.2
14.88	175.43	81.22
14.89	174.31	81.26
14.9	172.7	81.21
14.91	169.53	81.07
14.92	165.71	80.87
14.93	163.06	80.48
14.94	159.34	79.69
14.95	153.24	78.18
14.96	147.25	75.61
14.97	145.64	72.23
14.98	0	70.34
14.99	0	72.85
15	0	75.03
15.01	0	75.3
15.02	0	74.09
15.03	0	72.86
15.04	0	73.35
15.05	0	74.34
15.06	0	74.46
15.07	0	74.52
15.08	0	75.01
15.09	0	74.8
15.1	0	73.43
15.11	0	72.37
15.12	0	72.34
15.13	0	71.93
15.14	0	70.96
15.15	0	70.44
15.16	0	70.08
15.17	0	69.67
15.18	0	69.56
15.19	0	69.63
15.2	0	69.62
15.21	0	69.61
15.22	0	70.56
15.23	0	71.42
15.24	0	70.73
15.25	0	68.56
15.26	0	65.95
15.27	0	63.81
15.28	0	62.49
15.29	0	61.55
15.3	0	60.37
15.31	0	58.28
15.32	0	56.01
15.33	0	56.35
15.34	0	56.65
15.35	0	55
15.36	0	54.17
15.37	0	55.63
15.38	0	56.54
15.39	0	55.88
15.4	0	55.08
15.41	0	55.15
15.42	0	56.15
15.43	0	56.79
15.44	0	56.16
15.45	0	56.49
15.46	0	57.92
15.47	0	57.88
15.48	0	56.65
15.49	0	55.95
15.5	0	56.16
15.51	0	55.88
15.52	0	56.51
15.53	0	57.89
15.54	0	56.97
15.55	0	52.72
15.56	0	48.11
15.57	0	44.86
15.58	0	42.29
15.59	0	40.48
15.6	0	40.08
15.61	0	39.98
15.62	0	38.59
15.63	0	35.08
15.64	0	30.5
15.65	0	28.68
15.66	0	30.37
15.67	0	31.35
15.68	0	31.54
15.69	0	32.28
15.7	0	32.19
15.71	0	31.52
15.72	0	31.54
15.73	0	30.83
15.74	0	28.05
15.75	0	26.2
15.76	0	30.7
15.77	0	37.62
15.78	0	0
15.79	0	0
15.8	0	0
15.81	0	0
